,loss,accuracy,val_loss,val_accuracy
0,1.3937519788742065,0.40909090638160706,1.2832579612731934,0.3385416567325592
1,1.2045197486877441,0.3636363744735718,1.2358747720718384,0.2994791567325592
2,1.0626537799835205,0.5454545617103577,1.2674552202224731,0.4348958432674408
3,0.9229993224143982,0.5454545617103577,1.1167508363723755,0.4895833432674408
4,0.7638717889785767,0.7727272510528564,1.0360113382339478,0.5286458134651184
5,0.5737901926040649,0.9090909361839294,1.012726902961731,0.5026041865348816
6,0.38808658719062805,0.9545454382896423,1.1837438344955444,0.5364583134651184
7,0.32424962520599365,0.9090909361839294,1.1727708578109741,0.5130208134651184
8,0.15882934629917145,1.0,1.4202184677124023,0.484375
9,0.17582345008850098,1.0,1.5193071365356445,0.4635416567325592
10,0.10719648003578186,0.9545454382896423,1.795651912689209,0.515625
11,0.04370013251900673,1.0,2.076590061187744,0.5416666865348816
12,0.21880458295345306,0.9090909361839294,2.285198926925659,0.4661458432674408
13,0.01825237087905407,1.0,3.037041425704956,0.4010416567325592
14,0.07054801285266876,0.9545454382896423,3.3165414333343506,0.4296875
15,0.200571209192276,0.9545454382896423,2.6320807933807373,0.4713541567325592
16,0.016642598435282707,1.0,2.4303696155548096,0.5520833134651184
17,0.2211386114358902,0.9545454382896423,2.5845930576324463,0.5390625
18,0.0148717500269413,1.0,2.6254680156707764,0.53125
19,0.009479207918047905,1.0,2.7978785037994385,0.5442708134651184
20,0.009389386512339115,1.0,3.010974168777466,0.5260416865348816
21,0.06819573044776917,0.9545454382896423,2.9345052242279053,0.5260416865348816
22,0.020732881501317024,1.0,2.522831678390503,0.5807291865348816
23,0.00392981106415391,1.0,2.812175989151001,0.5598958134651184
24,0.02371380850672722,1.0,2.804462432861328,0.5833333134651184
25,0.031477317214012146,1.0,2.7449562549591064,0.5651041865348816
26,0.044715382158756256,0.9545454382896423,2.918789863586426,0.5442708134651184
27,0.004571916535496712,1.0,3.011033296585083,0.5651041865348816
28,0.004861181601881981,1.0,3.61871600151062,0.53125
29,0.004768874030560255,1.0,4.166748523712158,0.5026041865348816
30,0.0975394919514656,0.9545454382896423,3.3192551136016846,0.5286458134651184
31,0.06607557833194733,0.9545454382896423,2.933009147644043,0.5651041865348816
32,0.000672717287670821,1.0,3.3326234817504883,0.5833333134651184
33,0.0062429215759038925,1.0,4.293155193328857,0.5677083134651184
34,0.12709933519363403,0.9090909361839294,4.061063289642334,0.5625
35,0.03827016428112984,1.0,3.45162296295166,0.5859375
36,0.0009747868170961738,1.0,3.1991188526153564,0.5807291865348816
37,0.0005346369580365717,1.0,3.555809736251831,0.5416666865348816
38,0.0002847290597856045,1.0,3.899602174758911,0.5026041865348816
39,0.0009587448439560831,1.0,4.33117151260376,0.5104166865348816
40,0.0032252406235784292,1.0,4.488077640533447,0.515625
41,0.044500239193439484,1.0,4.437620639801025,0.5182291865348816
42,0.07046601176261902,0.9545454382896423,3.983168840408325,0.5182291865348816
