,loss,accuracy,val_loss,val_accuracy
0,1.4083728790283203,0.09090909361839294,1.4111918210983276,0.3359375
1,1.3086791038513184,0.40909090638160706,1.23697829246521,0.4713541567325592
2,1.150496006011963,0.5,1.2209237813949585,0.4036458432674408
3,1.0310591459274292,0.5909090638160706,1.1577595472335815,0.4505208432674408
4,0.9105310440063477,0.5,1.1811312437057495,0.3671875
5,0.8220943212509155,0.6363636255264282,1.1490925550460815,0.453125
6,0.7632324695587158,0.6818181872367859,1.1100529432296753,0.4739583432674408
7,0.5814468860626221,0.7727272510528564,1.1717056035995483,0.4609375
8,0.5736504197120667,0.7272727489471436,1.3335405588150024,0.4765625
9,0.4609118402004242,0.8181818127632141,1.274983286857605,0.5078125
10,0.3175179660320282,0.9090909361839294,1.5114177465438843,0.4557291567325592
11,0.28246432542800903,0.9090909361839294,1.60107421875,0.4296875
12,0.31493040919303894,0.9090909361839294,1.6253060102462769,0.5078125
13,0.32410964369773865,0.8636363744735718,1.5275660753250122,0.4973958432674408
14,0.09681258350610733,1.0,1.771440029144287,0.4817708432674408
15,0.21085819602012634,0.9545454382896423,1.7281638383865356,0.5182291865348816
16,0.03332332521677017,1.0,1.7755240201950073,0.5729166865348816
17,0.04619412124156952,1.0,1.8953992128372192,0.5442708134651184
18,0.20168304443359375,0.9545454382896423,1.8603554964065552,0.5598958134651184
19,0.033507298678159714,1.0,1.9745279550552368,0.5338541865348816
20,0.027434619143605232,1.0,2.3636748790740967,0.4947916567325592
21,0.30182281136512756,0.9090909361839294,1.9463168382644653,0.5703125
22,0.04244912043213844,1.0,2.304327964782715,0.5598958134651184
23,0.08268903940916061,0.9545454382896423,2.412245988845825,0.53125
24,0.21242910623550415,0.9090909361839294,2.1822307109832764,0.5625
25,0.16021618247032166,0.9545454382896423,2.2993876934051514,0.515625
26,0.021892094984650612,1.0,2.8278274536132812,0.484375
27,0.114013671875,0.9090909361839294,3.1446139812469482,0.4661458432674408
28,0.12528622150421143,0.9090909361839294,2.5373761653900146,0.5078125
29,0.046962663531303406,1.0,2.211822271347046,0.5520833134651184
30,0.005697682034224272,1.0,2.5766232013702393,0.5208333134651184
31,0.018113024532794952,1.0,2.7132270336151123,0.5442708134651184
32,0.36457395553588867,0.8636363744735718,2.3036997318267822,0.5520833134651184
33,0.016086580231785774,1.0,2.1332616806030273,0.5729166865348816
34,0.036033745855093,1.0,2.333407163619995,0.5677083134651184
35,0.00388865708373487,1.0,2.54734206199646,0.5625
36,0.046381354331970215,1.0,2.7170379161834717,0.5260416865348816
