,loss,accuracy,val_loss,val_accuracy
0,1.3815436363220215,0.40909090638160706,1.3106204271316528,0.3385416567325592
1,1.2353103160858154,0.3636363744735718,1.2580255270004272,0.40625
2,1.1225377321243286,0.5,1.2076687812805176,0.4661458432674408
3,0.9956446290016174,0.5454545617103577,1.1518880128860474,0.484375
4,0.9429603219032288,0.6818181872367859,1.067684292793274,0.5104166865348816
5,0.8249288201332092,0.7272727489471436,1.014134407043457,0.5729166865348816
6,0.6086447238922119,0.7272727489471436,1.025926113128662,0.5494791865348816
7,0.5367580056190491,0.8636363744735718,1.0852850675582886,0.5703125
8,0.4615068733692169,0.8181818127632141,1.0852888822555542,0.5651041865348816
9,0.33155763149261475,0.9090909361839294,1.1955538988113403,0.5494791865348816
10,0.18504442274570465,1.0,1.3228811025619507,0.5625
11,0.2695619761943817,0.9545454382896423,1.4989219903945923,0.5390625
12,0.20477169752120972,1.0,1.4957753419876099,0.5625
13,0.07199188321828842,1.0,1.448269248008728,0.5859375
14,0.10219072550535202,0.9545454382896423,1.6076431274414062,0.5390625
15,0.027537405490875244,1.0,1.6687630414962769,0.5885416865348816
16,0.006638756021857262,1.0,1.8741458654403687,0.59375
17,0.06437423825263977,0.9545454382896423,1.8745241165161133,0.59375
18,0.03442821651697159,1.0,2.177880048751831,0.5807291865348816
19,0.013213586062192917,1.0,2.1400973796844482,0.6015625
20,0.17053815722465515,0.9545454382896423,2.631739377975464,0.5546875
21,0.06426706910133362,0.9545454382896423,2.8526899814605713,0.5364583134651184
22,0.03640883043408394,1.0,2.6092612743377686,0.5807291865348816
23,0.22711758315563202,0.9090909361839294,2.640974998474121,0.5963541865348816
24,0.007790526375174522,1.0,2.9016265869140625,0.5677083134651184
25,0.023218141868710518,1.0,2.9495041370391846,0.5677083134651184
26,0.021763276308774948,1.0,3.203125238418579,0.5625
27,0.09625730663537979,0.9545454382896423,3.300140142440796,0.5416666865348816
28,0.007357894908636808,1.0,3.51176381111145,0.515625
29,0.164617121219635,0.9090909361839294,2.9269278049468994,0.546875
30,0.0006162605714052916,1.0,3.0124247074127197,0.5625
31,0.006936806719750166,1.0,3.7464840412139893,0.5598958134651184
32,0.10436158627271652,0.9545454382896423,3.383108377456665,0.5625
33,0.01040299329906702,1.0,3.196894884109497,0.5598958134651184
34,0.005508612375706434,1.0,2.8313028812408447,0.6015625
35,0.10139016807079315,0.9545454382896423,3.0210211277008057,0.5651041865348816
36,0.03668656572699547,1.0,2.911057233810425,0.5807291865348816
37,0.005229270551353693,1.0,2.7587473392486572,0.5963541865348816
38,0.010632222518324852,1.0,2.55692720413208,0.5859375
39,0.00413148570805788,1.0,2.570230722427368,0.578125
