,loss,accuracy,val_loss,val_accuracy
0,1.3797798156738281,0.27272728085517883,1.433732032775879,0.3385416567325592
1,1.3399477005004883,0.3636363744735718,1.2511746883392334,0.2942708432674408
2,1.2013715505599976,0.4545454680919647,1.2312475442886353,0.2864583432674408
3,1.1556963920593262,0.40909090638160706,1.1698273420333862,0.3802083432674408
4,1.035195231437683,0.5,1.1867092847824097,0.421875
5,1.0072697401046753,0.5,1.1257632970809937,0.5104166865348816
6,0.8498319983482361,0.6363636255264282,1.0540930032730103,0.4921875
7,0.8370751738548279,0.6363636255264282,1.00739586353302,0.5
8,0.7550358176231384,0.7272727489471436,1.004014492034912,0.5234375
9,0.7004508972167969,0.7272727489471436,0.9780600070953369,0.5130208134651184
10,0.6110644936561584,0.8181818127632141,0.9781709313392639,0.5260416865348816
11,0.6701381206512451,0.7727272510528564,0.9398574829101562,0.5546875
12,0.5314123630523682,0.8636363744735718,1.0913969278335571,0.515625
13,0.6264514327049255,0.8181818127632141,1.0197116136550903,0.5859375
14,0.4826342761516571,0.8636363744735718,1.2183083295822144,0.5833333134651184
15,0.612778902053833,0.8181818127632141,1.0213472843170166,0.6119791865348816
16,0.4757234454154968,0.8181818127632141,1.1582921743392944,0.5286458134651184
17,0.5135325193405151,0.7727272510528564,1.0486259460449219,0.5833333134651184
18,0.3177591562271118,0.9545454382896423,1.0458145141601562,0.5911458134651184
19,0.3037506937980652,0.8181818127632141,1.0088475942611694,0.6067708134651184
20,0.1466919183731079,0.9545454382896423,1.116283893585205,0.5807291865348816
21,0.18074364960193634,0.9545454382896423,1.0926920175552368,0.5885416865348816
22,0.3548429310321808,0.8181818127632141,1.1120190620422363,0.6119791865348816
23,0.1810816377401352,1.0,1.1563719511032104,0.5859375
24,0.20973283052444458,0.9090909361839294,1.1070753335952759,0.6067708134651184
25,0.24181173741817474,0.9090909361839294,1.323152780532837,0.6197916865348816
26,0.47394418716430664,0.8636363744735718,1.187817931175232,0.6380208134651184
27,0.22329416871070862,0.9545454382896423,1.105119228363037,0.6197916865348816
28,0.19207388162612915,0.9090909361839294,1.3295047283172607,0.5755208134651184
29,0.21750979125499725,0.9090909361839294,1.2543100118637085,0.5989583134651184
30,0.15030035376548767,0.9090909361839294,1.2034541368484497,0.6276041865348816
31,0.058748964220285416,1.0,1.2119414806365967,0.6171875
32,0.05198761448264122,1.0,1.2851392030715942,0.6354166865348816
33,0.08659971505403519,1.0,1.274768352508545,0.640625
34,0.045982494950294495,1.0,1.2286807298660278,0.6484375
35,0.05404921993613243,1.0,1.3917808532714844,0.5911458134651184
36,0.033233001828193665,1.0,1.4858425855636597,0.6041666865348816
37,0.05339477211236954,1.0,1.4127392768859863,0.6171875
38,0.07994196563959122,1.0,1.444864273071289,0.625
39,0.035372402518987656,1.0,1.5842734575271606,0.6119791865348816
40,0.051404014229774475,1.0,1.562777042388916,0.6067708134651184
41,0.0389329195022583,1.0,1.4225239753723145,0.6276041865348816
42,0.03591711446642876,1.0,1.5555311441421509,0.6432291865348816
43,0.026506369933485985,1.0,1.572105050086975,0.625
44,0.017025386914610863,1.0,1.6636905670166016,0.6354166865348816
45,0.03519478067755699,1.0,1.680799126625061,0.6302083134651184
46,0.0071517410688102245,1.0,1.8278199434280396,0.5963541865348816
47,0.05446185916662216,1.0,1.824550747871399,0.5989583134651184
48,0.03687494620680809,1.0,1.6891471147537231,0.609375
49,0.011363144963979721,1.0,1.7002283334732056,0.6145833134651184
50,0.03524898737668991,1.0,1.7835297584533691,0.6223958134651184
51,0.08228304982185364,0.9545454382896423,1.7127766609191895,0.6145833134651184
52,0.016017140820622444,1.0,2.2403366565704346,0.5859375
53,0.10820062458515167,0.9545454382896423,1.9917982816696167,0.6067708134651184
54,0.03560478985309601,1.0,1.738694190979004,0.6484375
